8.46292	0.243462	-3	0
8.31369	0.243508	-2.96975	0.00180978
8.28716	0.247054	-0.540001	0.0712927
8.26936	0.250486	-0.437014	0.0701358
8.17108	0.251038	-1.6337	0.0254759
8.0969	0.249314	-1.53285	0.00633343
7.89026	0.231541	-3.46597	-0.132327
7.7335	0.190564	-3.39456	-0.30658
7.57508	0.169751	-3.24056	-0.331713
7.4317	0.155291	-3.17524	-0.321571
7.33477	0.124737	-2.07233	-0.37343
7.24165	0.0676627	-1.99975	-0.552716
7.09188	0.0289751	-2.6761	-0.595102
6.96472	-0.0296226	-2.61361	-0.723705
6.86795	-0.0972065	-1.81907	-0.875427
6.78296	-0.203477	-1.77843	-1.16644
6.67669	-0.287451	-2.03644	-1.28941
6.58623	-0.405372	-2.01692	-1.55819
6.54343	-0.515833	-1.12489	-1.78207
6.49968	-0.625161	-1.0982	-1.88202
6.46002	-0.774346	-0.69412	-2.15825
6.42276	-0.970319	-0.721591	-2.54771
6.33169	-1.10759	-1.54205	-2.42228
6.24805	-1.24488	-1.54102	-2.44255
6.31093	-1.4504	0.676434	-3.18606
6.34916	-1.63941	0.670043	-3.25483
6.29453	-1.76912	-0.730687	-2.77818
6.2519	-1.92874	-0.76579	-2.88205
6.28819	-2.11417	0.446791	-3.40858
6.32285	-2.2606	0.505252	-3.28601
6.31702	-2.41118	-0.0858416	-2.95263
6.32354	-2.55952	-0.0371415	-2.87944
6.36834	-2.72974	0.606604	-3.12943
6.41664	-2.87087	0.684385	-2.97568
6.43294	-3.00147	0.351335	-2.76027
6.44694	-3.14512	0.334437	-2.78825
6.49642	-3.31694	0.816062	-3.06009
6.54604	-3.47217	0.844902	-2.99839
6.62446	-3.63885	1.27104	-3.16048
6.72118	-3.77733	1.39687	-2.98287
6.78166	-3.91948	1.06052	-2.71734
6.8475	-4.06118	1.09345	-2.67675
6.90185	-4.20444	1.0295	-2.63437
6.95466	-4.3496	1.01644	-2.63872
6.98916	-4.47146	0.607119	-2.32208
7.03595	-4.57447	0.678166	-2.2063
7.09718	-4.70485	1.01427	-2.39946
7.14728	-4.84856	0.982756	-2.45335
7.24361	-5.01466	1.5818	-2.88687
7.32539	-5.16931	1.56818	-2.87445
7.38473	-5.30377	1.2108	-2.58998
7.44892	-5.44997	1.19853	-2.60698
7.52654	-5.58903	1.25024	-2.58175
7.6225	-5.69494	1.38234	-2.41162
7.68765	-5.81733	1.27685	-2.32044
7.74827	-5.95286	1.23542	-2.36125
7.85719	-6.10976	2.00377	-2.97814
7.95999	-6.25245	2.01955	-2.95077
8.04552	-6.38259	1.46748	-2.44732
8.14902	-6.4844	1.58059	-2.29631
8.21976	-6.60265	1.45332	-2.21706
8.2795	-6.74288	1.36402	-2.30748
8.35733	-6.87133	1.4851	-2.40425
8.44952	-6.98306	1.54255	-2.31481
8.51421	-7.09308	1.4587	-2.26678
8.5672	-7.22875	1.36582	-2.3725
8.66585	-7.38165	1.90041	-2.87385
8.74923	-7.53673	1.8475	-2.92844
8.80509	-7.65397	1.04968	-2.20772
8.86038	-7.77026	1.04557	-2.1902
8.93115	-7.90239	1.38875	-2.52718
8.98438	-8.04017	1.31955	-2.58579
9.01571	-8.14398	0.782263	-2.08932
9.06185	-8.25244	0.799662	-2.06196
9.13386	-8.39317	1.29043	-2.5577
9.17678	-8.54032	1.19347	-2.65066
9.21416	-8.65858	0.726389	-2.20215
9.25296	-8.77694	0.724644	-2.19281
9.37345	-8.97884	2.07325	-3.55432
9.46654	-9.16105	2.0306	-3.58106
9.50624	-9.27116	1.00765	-2.52773
9.55971	-9.38314	1.034	-2.47221
9.59541	-9.49646	0.881453	-2.34631
9.59828	-9.64471	0.700296	-2.49848
9.65406	-9.79852	1.02544	-2.87002
9.68446	-9.95053	0.940363	-2.92004
9.70327	-10.0726	0.476622	-2.41185
9.74592	-10.1785	0.56241	-2.29969
9.7913	-10.3145	0.737373	-2.50012
9.79292	-10.4661	0.580574	-2.62832
9.82926	-10.6184	0.745122	-2.82201
9.86639	-10.7698	0.733768	-2.81042
9.8824	-10.8987	0.356266	-2.39585
9.87216	-11.0476	0.227259	-2.48266
9.88872	-11.1835	0.359239	-2.66252
9.87516	-11.3404	0.217243	-2.77459
9.88431	-11.4857	0.208515	-2.80584
9.86803	-11.6398	0.0941271	-2.87793
9.82935	-11.7316	-0.650017	-1.97381
9.77443	-11.8442	-0.749116	-2.04187
9.75262	-11.976	-0.424395	-2.49878
9.68945	-12.1322	-0.616191	-2.64287
9.64243	-12.2429	-0.955697	-2.19947
9.576	-12.3599	-1.03465	-2.23958
9.49513	-12.4364	-1.43779	-1.71289
9.391	-12.5429	-1.58335	-1.81031
9.31607	-12.6632	-1.39598	-2.09116
9.23439	-12.776	-1.41417	-2.08742
9.11844	-12.8167	-2.17743	-0.989337
8.91757	-12.9245	-2.59619	-1.25796
8.77385	-12.9982	-2.55679	-1.34877
8.65319	-13.0574	-2.46423	-1.28463
8.51741	-13.0997	-2.69682	-0.903495
8.36887	-13.1526	-2.75868	-0.938987
8.20038	-13.1634	-3.09295	-0.319203
8.03833	-13.171	-3.05159	-0.280432
7.86918	-13.1777	-3.05229	-0.248279
7.73817	-13.1721	-2.88508	-0.160315
7.6151	-13.2253	-2.56203	-0.777467
7.46988	-13.2672	-2.6344	-0.800003
7.30145	-13.2577	-2.97931	-0.102143
7.15327	-13.2524	-2.90529	-0.0566814
6.98216	-13.19	-3.27904	0.752718
6.83396	-13.1466	-3.20786	0.781778
6.66816	-13.1156	-3.13544	0.678124
6.52936	-13.0656	-2.98356	0.73936
6.38131	-13.0628	-2.73073	0.183708
6.24711	-13.0481	-2.65927	0.207945
6.09143	-13.007	-2.83902	0.648049
5.94225	-12.9645	-2.80469	0.673738
5.77882	-12.8551	-3.2458	1.80555
5.63839	-12.7526	-3.1418	1.8556
5.49214	-12.7065	-2.71667	0.871778
5.39468	-12.6433	-2.48139	0.948446
5.24514	-12.5325	-2.76407	1.7786
5.10872	-12.438	-2.69871	1.77675
4.97379	-12.3554	-2.57699	1.55546
4.88805	-12.2517	-2.32149	1.64197
4.76837	-12.1416	-2.39785	1.93634
4.70394	-12.0359	-2.1498	1.99722
4.59495	-11.911	-2.15449	2.20353
4.57257	-11.757	-1.71111	2.35665
4.50833	-11.6625	-1.40508	1.75907
4.4948	-11.5516	-1.11703	1.83894
4.40438	-11.3456	-1.74915	3.60402
4.38347	-11.1462	-1.44453	3.70487
4.36147	-11.0448	-0.701086	2.02433
4.39149	-10.9157	-0.388553	2.12087
4.36975	-10.7695	-0.511467	2.56161
4.40105	-10.6173	-0.24394	2.63506
4.39516	-10.4777	-0.211554	2.61882
4.41296	-10.3271	-0.0786827	2.6599
4.42768	-10.1901	0.0567244	2.51783
4.49367	-10.033	0.343269	2.62125
4.52713	-9.88985	0.405481	2.63636
4.59406	-9.73341	0.606943	2.70702
4.62734	-9.56621	0.574379	2.85975
4.6951	-9.41012	0.729262	2.88518
4.76981	-9.28226	1.05051	2.45105
4.88885	-9.12638	1.32843	2.57185
4.96884	-9.01126	1.51111	2.30421
5.03463	-8.91161	1.45672	2.24629
5.11884	-8.78609	1.42382	2.34446
5.23426	-8.63907	1.59402	2.43906
5.33934	-8.54021	1.89216	2.06179
5.44206	-8.43184	1.93003	2.08756
5.53912	-8.32482	1.84352	2.11009
5.58922	-8.23725	1.60961	1.96079
5.67867	-8.11835	1.60291	2.02878
5.81284	-7.97539	1.81616	2.1835
5.92573	-7.8608	1.96231	2.05215
6.04713	-7.73905	2.02366	2.09758
6.15472	-7.6261	2.00563	2.08505
6.25571	-7.52419	1.95829	2.02915
6.369	-7.42158	2.0347	1.93263
6.46018	-7.3384	1.93514	1.82659
6.5828	-7.25642	2.33728	1.48919
6.72741	-7.15913	2.46344	1.60449
6.80865	-7.03533	1.79156	2.17123
6.88494	-6.93577	1.68999	2.07139
7.02475	-6.85868	2.31904	1.52026
7.15836	-6.7649	2.35043	1.56579
7.25581	-6.65676	1.86612	1.96197
7.35501	-6.55429	1.8495	1.93779
7.51613	-6.50435	2.83738	1.17218
7.65432	-6.45338	2.81715	1.13849
7.77158	-6.37744	2.36627	1.40847
7.87442	-6.33363	2.2408	1.24553
7.99833	-6.26451	2.22235	1.26593
8.13496	-6.17053	2.29337	1.37851
8.22654	-6.07846	1.92886	1.6686
8.33541	-5.97203	1.99126	1.77435
8.49894	-5.89876	2.78475	1.30524
8.64798	-5.84206	2.7593	1.23915
8.74769	-5.74557	1.97145	1.71158
8.85711	-5.64766	1.97746	1.72809
8.9565	-5.56176	1.93344	1.75263
9.05586	-5.46514	1.94891	1.79186
9.20684	-5.38439	2.7363	1.38407
9.35012	-5.3193	2.70467	1.33066
9.43579	-5.22371	1.81447	1.74579
9.53983	-5.12703	1.82883	1.75237
9.63825	-5.04043	1.74189	1.74462
9.74278	-4.93417	1.77718	1.79703
9.83762	-4.83398	1.6689	1.84746
9.93512	-4.73407	1.6855	1.84428
10.0181	-4.61726	1.52301	1.97028
10.1208	-4.47322	1.60436	2.14168
10.2121	-4.34239	1.62735	2.2018
10.3255	-4.18235	1.72261	2.39136
10.4582	-4.06158	2.17723	2.24207
10.568	-3.94665	2.1429	2.1975
10.6683	-3.82486	1.85703	2.26934
10.7624	-3.7283	1.81976	2.13794
10.8101	-3.60185	1.05321	2.33924
10.8656	-3.46856	1.04845	2.35885
10.9724	-3.35225	1.86608	2.19399
11.0696	-3.19839	1.89832	2.39537
11.1168	-3.04961	0.994982	2.63364
11.1689	-2.88568	0.993353	2.71767
11.2202	-2.72969	0.988021	2.7463
11.2719	-2.56607	0.983916	2.80215
11.217	-2.40111	-0.575262	3.04902
11.1782	-2.24822	-0.599777	2.97788
11.2812	-2.09396	1.5071	2.69435
11.3608	-1.95348	1.4963	2.6578
11.3643	-1.80571	0.36032	2.76709
11.3725	-1.66612	0.325268	2.70497
11.3146	-1.52055	-0.623566	2.81732
11.2796	-1.36864	-0.631571	2.86648
11.2319	-1.21623	-0.778209	2.84799
11.1784	-1.11741	-0.813201	2.5763
11.0618	-0.982191	-1.83073	2.64855
10.9712	-0.782536	-1.82344	2.96259
10.9193	-0.621946	-1.0125	2.93031
10.8623	-0.513507	-1.01466	2.6828
10.7632	-0.381658	-1.73254	2.61273
10.6645	-0.301261	-1.73866	2.31517
10.4978	-0.191954	-2.82383	2.22461
10.3428	-0.116606	-2.81974	2.00413
10.2566	-0.01648	-1.95303	1.96634
10.151	0.0112502	-1.94101	1.58817
10.0016	0.0776339	-2.53515	1.47526
9.86234	0.0880267	-2.52867	1.14154
9.70868	0.13152	-2.69774	1.0429
9.559	0.102798	-2.69377	0.634698
9.40174	0.13243	-2.77137	0.607309
9.24846	0.158937	-2.77341	0.574462
9.09723	0.193181	-2.72418	0.588447
8.94706	0.245058	-2.72646	0.681568
8.84871	0.277186	-1.98275	0.674015
8.74446	0.285848	-1.9663	0.537765
8.538	0.297298	-3.40998	0.406158
8.35194	0.282416	-3.40126	0.226925
8.19804	0.283337	-2.78526	0.187075
8.04743	0.268453	-2.77594	0.065144
7.90052	0.254853	-2.60346	-0.0161398
7.75595	0.194563	-2.60264	-0.305653
7.61568	0.154049	-2.69386	-0.427198
7.46565	0.0849312	-2.69843	-0.651218
7.30126	0.0508409	-3.03764	-0.659316
7.15252	0.0233749	-3.02929	-0.631906
7.06067	-0.0247901	-1.93448	-0.706462
6.95408	-0.107034	-1.93711	-0.922729
6.85232	-0.188582	-1.84307	-1.08226
6.75255	-0.29819	-1.84428	-1.33275
6.66831	-0.400706	-1.63707	-1.49149
6.57008	-0.525845	-1.67036	-1.70903
6.53276	-0.675193	-0.835428	-2.05874
6.47415	-0.866471	-0.899274	-2.45407
6.42226	-1.02779	-0.983452	-2.64537
6.36236	-1.20978	-1.04086	-2.89792
6.31662	-1.35387	-1.00473	-2.89585
6.26826	-1.46748	-0.975906	-2.7407
6.27141	-1.6279	-0.0998259	-3.04115
6.26204	-1.77051	-0.103768	-2.99461
6.30164	-1.93881	0.506916	-3.14601
6.33921	-2.08294	0.560651	-3.00123
6.35216	-2.22348	0.10615	-2.73688
6.36432	-2.35636	0.141133	-2.64898
6.3676	-2.51983	0.202212	-2.77504
6.36291	-2.70522	0.122881	-2.93931
6.40938	-2.89732	0.727575	-3.29084
6.44859	-3.07243	0.730893	-3.26386
6.49092	-3.23633	0.709516	-3.16596
6.54072	-3.37863	0.777722	-3.01381
6.59631	-3.52994	0.818035	-2.92685
6.6501	-3.66701	0.871893	-2.81318
6.70646	-3.82434	0.990849	-2.87263
6.76018	-3.97571	0.995231	-2.84434
6.80595	-4.12084	0.891144	-2.74828
6.85855	-4.26387	0.911705	-2.70979
6.958	-4.43709	1.52399	-3.07582
7.0511	-4.5838	1.57911	-2.97222
7.11203	-4.72091	1.22336	-2.68389
7.16732	-4.86974	1.18144	-2.7002
7.21795	-4.98776	0.987991	-2.50706
7.27374	-5.08719	1.03949	-2.39496
7.36933	-5.23509	1.84562	-2.96503
7.45957	-5.37315	1.85049	-2.92498
7.50402	-5.47913	0.95881	-2.19472
7.56241	-5.58604	0.992238	-2.13263
7.64359	-5.72431	1.59534	-2.5948
7.74668	-5.85067	1.66554	-2.51492
7.79397	-5.95409	0.943875	-1.95133
7.85332	-6.05198	0.979331	-1.90673
7.94924	-6.19129	1.67155	-2.46039
8.04014	-6.33832	1.65656	-2.50867
8.14456	-6.48519	1.79317	-2.61057
8.24347	-6.63513	1.788	-2.63571
8.29534	-6.74024	1.04708	-2.01671
8.34243	-6.85297	1.00804	-2.03313
8.40475	-6.9807	1.25265	-2.28819
8.45345	-7.13251	1.15542	-2.40771
8.54573	-7.28789	1.59617	-2.78023
8.63732	-7.44828	1.60248	-2.80558
8.69088	-7.56616	0.935109	-2.18625
8.76039	-7.66259	1.02333	-2.07836
8.85395	-7.80903	1.65398	-2.63713
8.94964	-7.95058	1.67465	-2.6204
9.02959	-8.0883	1.58086	-2.58489
9.08462	-8.23752	1.47531	-2.68337
9.12015	-8.34503	0.73321	-2.00532
9.15401	-8.45707	0.707873	-2.01719
9.22101	-8.596	1.148	-2.44063
9.26518	-8.74915	1.06085	-2.52906
9.32323	-8.89347	1.08801	-2.58228
9.36592	-9.04729	1.01387	-2.64155
9.4237	-9.1904	1.1534	-2.79895
9.45972	-9.35345	1.05094	-2.9036
9.50909	-9.50141	0.924537	-2.75977
9.55741	-9.65282	0.915473	-2.76086
9.60503	-9.79277	0.971462	-2.81895
9.64062	-9.94228	0.915276	-2.86249
9.67025	-10.062	0.67915	-2.58041
9.72821	-10.1681	0.791001	-2.47515
9.75205	-10.2839	0.456355	-2.12035
9.76257	-10.4215	0.382493	-2.21025
9.81333	-10.5832	0.798248	-2.70236
9.85013	-10.7415	0.76269	-2.7434
9.8657	-10.8614	0.439607	-2.42096
9.86183	-11.0135	0.311613	-2.5543
9.87571	-11.1454	0.398332	-2.68317
9.85992	-11.3169	0.226439	-2.84641
9.86895	-11.4664	0.265671	-2.93964
9.85837	-11.6334	0.155505	-3.02987
9.81632	-11.7319	-0.652907	-2.01109
9.76464	-11.8521	-0.722586	-2.05712
9.73804	-11.9916	-0.535526	-2.34064
9.67532	-12.1419	-0.684344	-2.44278
9.63395	-12.2815	-0.677953	-2.49976
9.56853	-12.4417	-0.808146	-2.60048
9.48388	-12.5329	-1.35741	-1.86816
9.38327	-12.6503	-1.47303	-1.93915
9.27594	-12.7068	-1.91985	-1.34172
9.10011	-12.8218	-2.27941	-1.56862
8.96255	-12.8934	-2.39177	-1.4152
8.83692	-12.9682	-2.36441	-1.39995
8.70814	-13.0503	-2.30851	-1.50323
8.56558	-13.1418	-2.38001	-1.54457
8.39606	-13.127	-3.13352	-0.267126
8.24743	-13.1393	-3.09954	-0.256922
8.0959	-13.1902	-2.72396	-0.913579
7.9503	-13.2414	-2.7074	-0.913794
7.78841	-13.2624	-2.99991	-0.369759
7.63013	-13.2725	-2.96416	-0.331642
7.47991	-13.2795	-3.03056	-0.181161
7.34185	-13.2747	-2.96203	-0.12862
7.16552	-13.2362	-3.2548	0.530995
7.02629	-13.1835	-3.06934	0.632452
6.85751	-13.1523	-3.01026	0.499579
6.66502	-13.1414	-3.13665	0.429235
6.50003	-13.0989	-3.31771	0.82738
6.34655	-13.0498	-3.2589	0.858871
6.198	-13.0729	-2.78442	-0.199418
6.10278	-13.0589	-2.51808	-0.0866779
5.93946	-12.972	-3.03147	1.25222
5.83069	-12.8732	-2.76161	1.37994
5.69963	-12.8173	-2.6845	1.21449
5.55915	-12.7566	-2.71108	1.21023
5.43189	-12.7173	-2.58305	0.892388
5.33403	-12.6581	-2.4365	0.955317
5.20712	-12.5706	-2.62142	1.5518
5.11527	-12.471	-2.43374	1.64051
4.99314	-12.3879	-2.39788	1.65429
4.91284	-12.273	-2.15761	1.75738
4.79665	-12.1276	-2.43138	2.64448
4.71924	-11.9768	-2.22507	2.72622
4.63044	-11.8846	-1.89604	1.93245
4.59398	-11.7664	-1.62515	2.03236
4.50817	-11.6234	-1.8158	2.67685
4.49776	-11.4635	-1.44471	2.80425
4.43262	-11.3118	-1.42194	2.89044
4.41497	-11.1493	-1.17528	2.9791
4.38419	-11.0525	-0.724499	1.92795
4.39278	-10.9355	-0.50459	1.99078
4.36207	-10.7922	-0.684381	2.5825
4.39291	-10.6463	-0.387851	2.67847
4.40291	-10.5567	-0.0251457	1.94184
4.42914	-10.4488	0.102841	1.99477
4.4328	-10.3204	0.00135569	2.34996
4.50167	-10.1701	0.325195	2.5008
4.51882	-10.0134	0.235474	2.78129
4.5484	-9.85157	0.31368	2.82178
4.59325	-9.72053	0.614551	2.3614
4.69426	-9.55862	0.927735	2.51609
4.73522	-9.39825	0.774111	2.92759
4.80941	-9.2385	0.936123	3.00178
4.9101	-9.1479	1.58897	2.01766
5.00744	-9.03757	1.67245	2.06464
5.06255	-8.8924	1.20735	2.81326
5.13441	-8.74307	1.26257	2.85228
5.24862	-8.64585	1.84128	1.99734
5.35102	-8.5431	1.84123	1.97411
5.4158	-8.40295	1.45062	2.55514
5.51417	-8.25994	1.56996	2.63337
5.62725	-8.15711	2.07636	2.02735
5.73796	-8.05209	2.10733	2.04719
5.81733	-7.93065	1.78372	2.39196
5.87136	-7.84278	1.61517	2.24351
5.96318	-7.74196	1.80772	2.01537
6.04727	-7.64538	1.77845	1.99314
6.15357	-7.54263	1.8877	1.88179
6.24726	-7.44734	1.84116	1.84187
6.37109	-7.36825	2.32052	1.4165
6.52177	-7.26879	2.47974	1.55884
6.66092	-7.19127	2.53589	1.47662
6.77116	-7.13691	2.40205	1.34512
6.85327	-7.04158	1.89936	1.7895
6.94859	-6.9544	1.89818	1.78119
7.09031	-6.87975	2.3633	1.40717
7.24494	-6.76737	2.48452	1.56749
7.35005	-6.66079	1.98276	1.96812
7.46137	-6.55009	1.99312	1.98011
7.58696	-6.46711	2.30822	1.66028
7.67676	-6.42417	2.13449	1.42959
7.82627	-6.37691	2.61049	1.02983
7.95573	-6.33586	2.54765	0.953376
8.03092	-6.24984	1.85879	1.4605
8.12943	-6.16297	1.89084	1.52127
8.26125	-6.08167	2.2203	1.37386
8.41191	-5.97861	2.34195	1.51438
8.52423	-5.90037	2.26673	1.56149
8.63694	-5.82665	2.26111	1.54344
8.77815	-5.76169	2.60227	1.3582
8.92615	-5.66676	2.68316	1.48844
9.0359	-5.57646	2.1566	1.80476
9.15191	-5.46946	2.19569	1.88233
9.25617	-5.35685	2.00358	1.98623
9.36324	-5.24499	1.99436	1.99417
9.464	-5.13362	1.92547	2.01648
9.55824	-5.03926	1.87749	1.93658
9.67484	-4.96536	2.28929	1.6777
9.77021	-4.91697	2.2045	1.50638
9.8569	-4.82658	1.67034	1.71309
9.94336	-4.74813	1.64336	1.64052
10.0229	-4.64598	1.42305	1.77387
10.1244	-4.4941	1.5298	2.02921
10.2197	-4.37915	1.71339	1.9929
10.3243	-4.25954	1.75125	2.04505
10.4168	-4.15104	1.69937	2.10528
10.5253	-3.99524	1.7974	2.34806
10.6458	-3.8789	2.16147	2.27152
10.7526	-3.75818	2.16167	2.3022
10.7847	-3.62432	0.977419	2.6441
10.8454	-3.45959	1.02686	2.79868
10.9578	-3.33217	1.98578	2.55438
11.051	-3.22961	1.958	2.43667
11.0824	-3.09745	0.949116	2.6584
11.1373	-2.95113	0.975127	2.72314
11.1378	-2.79539	0.149637	2.88181
11.1438	-2.64514	0.140603	2.84399
11.1495	-2.49827	0.157642	2.79154
11.1476	-2.40998	0.109641	2.48739
11.2399	-2.28994	1.48174	2.29136
11.3316	-2.10436	1.54986	2.62667
11.3434	-1.95451	0.430183	2.76593
11.3598	-1.83973	0.402634	2.59065
11.3728	-1.69683	0.229724	2.60964
11.3807	-1.54252	0.217521	2.65776
11.3223	-1.39588	-0.791549	2.72699
11.2716	-1.24532	-0.811946	2.72709
11.1765	-1.09654	-1.49722	2.75478
11.0868	-0.935916	-1.51782	2.79571
11.0201	-0.795215	-1.30322	2.79118
10.953	-0.647418	-1.30786	2.82949
10.8373	-0.507497	-2.0152	2.83068
10.7386	-0.363947	-2.01008	2.84061
10.6438	-0.222583	-1.79112	2.76845
10.5453	-0.181962	-1.78041	2.24387
10.3995	-0.0889208	-2.73772	2.14164
10.2603	-0.0180702	-2.74059	1.97022
10.1651	0.0572058	-2.05108	1.86842
10.0583	0.0407996	-2.0491	1.34663
9.92286	0.0908789	-2.54454	1.22113
9.7773	0.0957639	-2.55662	0.92604
9.61717	0.129866	-2.97187	0.858272
9.46667	0.16022	-2.9753	0.79796
9.35533	0.198833	-2.05498	0.791021
9.24391	0.185313	-2.04584	0.519454
9.08955	0.20863	-2.84095	0.490488
8.95023	0.242552	-2.83469	0.535682
8.80591	0.266287	-2.9041	0.518634
8.66039	0.267547	-2.90233	0.399805
8.51393	0.278894	-2.86183	0.35809
8.36581	0.273181	-2.87173	0.243767
8.22505	0.276159	-2.64184	0.197549
8.07244	0.27347	-2.66287	0.132093
7.93149	0.259879	-2.82821	0.0262665
7.78094	0.203966	-2.84712	-0.253108
7.61702	0.179538	-3.07464	-0.315503
7.46163	0.156488	-3.07812	-0.351175
7.36313	0.124194	-1.97094	-0.404544
7.25738	0.0774715	-1.96279	-0.525584
7.11466	0.0212013	-2.6551	-0.665784
6.9614	-0.0770331	-2.67708	-0.971757
6.92437	-0.181072	-1.13603	-1.25783
6.85853	-0.298112	-1.15165	-1.498
6.68969	-0.382233	-2.83314	-1.46495
6.54631	-0.49563	-2.84752	-1.6665
6.48902	-0.650688	-1.25782	-2.11552
6.42406	-0.807873	-1.26021	-2.3214
6.38643	-0.954206	-0.869508	-2.52321
6.3416	-1.11871	-0.894409	-2.71602
6.27445	-1.27694	-1.05904	-2.74351
6.21737	-1.4395	-1.06298	-2.80107
6.26306	-1.62395	0.453747	-3.24894
6.3046	-1.77348	0.525974	-3.09989
6.31006	-1.90448	0.140012	-2.87835
6.32707	-2.04048	0.175335	-2.83353
6.33662	-2.19465	0.080508	-2.79113
6.34169	-2.34472	0.085405	-2.77455
6.39305	-2.52396	0.741004	-3.09032
6.44338	-2.67171	0.791616	-2.97887
6.43874	-2.80165	-0.000964518	-2.54842
6.44376	-2.93866	0.0181409	-2.53062
6.49065	-3.12367	0.890337	-3.08826
6.53473	-3.31388	0.85427	-3.18488
6.57585	-3.48749	0.715931	-3.11774
6.62489	-3.65846	0.748046	-3.10908
6.66503	-3.81806	0.658864	-2.99965
6.71729	-3.96607	0.730357	-2.91195
6.75156	-4.10657	0.606486	-2.7527
6.80125	-4.24808	0.671747	-2.6981
6.82967	-4.35885	0.487589	-2.47013
6.88628	-4.45598	0.622593	-2.32848
6.97376	-4.60451	1.4888	-2.89098
7.07367	-4.74168	1.57991	-2.83509
7.12402	-4.84528	1.05116	-2.37144
7.20351	-4.94396	1.16277	-2.26387
7.26765	-5.07117	1.16278	-2.2772
7.32513	-5.21753	1.11958	-2.37165
7.42489	-5.37357	1.88707	-2.96487
7.52349	-5.52987	1.89228	-2.9934
7.5709	-5.63593	1.08698	-2.33974
7.63459	-5.74171	1.1312	-2.28583
7.72234	-5.88813	1.60476	-2.65788
7.81868	-6.0355	1.63249	-2.65564
7.86682	-6.13866	0.922058	-2.04164
7.92704	-6.24868	0.958321	-2.02455
8.01754	-6.37771	1.42732	-2.3411
8.12673	-6.4746	1.5674	-2.18675
8.23924	-6.60885	1.86718	-2.39539
8.33746	-6.74458	1.84796	-2.41603
8.41555	-6.86743	1.47452	-2.15419
8.46813	-7.01859	1.34168	-2.30782
8.53791	-7.15799	1.33205	-2.37791
8.57691	-7.33252	1.16743	-2.5793
8.64708	-7.46774	1.29362	-2.67013
8.736	-7.57458	1.40736	-2.54482
8.80362	-7.70755	1.30175	-2.45893
8.86402	-7.85211	1.25228	-2.50467
8.92519	-7.98582	1.17266	-2.4465
8.96679	-8.14587	1.06526	-2.56395
9.02801	-8.28095	1.07681	-2.53429
9.12564	-8.37812	1.25739	-2.34135
9.20393	-8.50902	1.54519	-2.60799
9.25984	-8.65366	1.45473	-2.68205
9.32078	-8.77921	1.33661	-2.58158
9.37082	-8.92956	1.25407	-2.67615
9.41122	-9.04908	0.740182	-2.17626
9.4484	-9.16725	0.728448	-2.17343
9.50183	-9.30462	0.989884	-2.45458
9.54703	-9.44805	0.94776	-2.49356
9.60813	-9.59555	1.02846	-2.58216
9.66385	-9.74394	1.01951	-2.60688
9.7308	-9.89628	1.17595	-2.79523
9.77106	-10.0484	1.09575	-2.85723
9.7939	-10.1702	0.532536	-2.28311
9.77904	-10.3368	0.329289	-2.47114
9.8136	-10.4925	0.625232	-2.8024
9.85409	-10.6435	0.651197	-2.78618
9.86622	-10.7735	0.287039	-2.39657
9.8595	-10.9261	0.182831	-2.49075
9.87037	-11.0708	0.228029	-2.57513
9.85551	-11.2354	0.102816	-2.68009
9.86725	-11.3837	0.199045	-2.82448
9.86624	-11.542	0.140108	-2.89286
9.85249	-11.6756	-0.250032	-2.42292
9.78859	-11.8462	-0.477277	-2.59585
9.75371	-11.9799	-0.615748	-2.42977
9.6831	-12.1401	-0.782302	-2.55185
9.62079	-12.2522	-1.08244	-2.14538
9.55849	-12.3621	-1.08613	-2.11969
9.47016	-12.4387	-1.4767	-1.58515
9.3689	-12.5375	-1.56577	-1.64069
9.27036	-12.6201	-1.80594	-1.35251
9.10172	-12.7383	-2.11871	-1.5551
8.99106	-12.8349	-2.00718	-1.73182
8.86332	-12.9402	-2.08567	-1.77868
8.73531	-13.0216	-2.22407	-1.58436
8.57382	-13.1341	-2.40416	-1.69757
8.40008	-13.1475	-3.1428	-0.436001
8.24761	-13.1582	-3.04818	-0.377719
8.09142	-13.1648	-3.12891	-0.213162
7.9457	-13.1679	-3.07824	-0.180827
7.79567	-13.2143	-2.79091	-0.699931
7.63923	-13.2568	-2.80596	-0.71479
7.45839	-13.2281	-3.32389	0.333184
7.32898	-13.1758	-3.07368	0.478081
7.17425	-13.1789	-2.85898	0.0566007
7.0389	-13.1642	-2.75906	0.108128
6.87804	-13.1448	-2.89925	0.363018
6.69241	-13.1357	-3.01758	0.311473
6.54129	-13.1569	-2.75316	-0.274414
6.43365	-13.1557	-2.55487	-0.196075
6.27198	-13.1105	-2.88345	0.56711
6.14411	-13.0597	-2.7388	0.647057
5.97104	-12.9569	-3.11682	1.58415
5.83442	-12.8537	-2.95526	1.65484
5.68992	-12.8068	-2.70238	1.05239
5.54821	-12.7486	-2.67271	1.05758
5.39144	-12.6555	-2.87902	1.61146
5.23807	-12.5612	-2.85428	1.63187
5.09209	-12.4768	-2.78134	1.55478
5.00428	-12.3669	-2.48143	1.66522
4.89075	-12.2816	-2.4537	1.73443
4.8284	-12.1688	-2.17121	1.84705
4.74077	-12.0915	-1.98237	1.5425
4.72005	-11.979	-1.6134	1.69415
4.61672	-11.8239	-1.97608	2.70088
4.53699	-11.673	-1.88082	2.75904
4.47428	-11.593	-1.46559	1.782
4.48468	-11.4736	-1.07674	1.9235
4.40586	-11.2793	-1.51622	3.2463
4.3995	-11.0721	-1.15956	3.38077
4.38681	-10.9829	-0.467534	1.7969
4.41552	-10.8667	-0.217781	1.88475
4.40083	-10.7299	-0.382547	2.41262
4.41787	-10.5782	-0.203485	2.49724
4.41441	-10.437	-0.159147	2.49999
4.43144	-10.2809	-0.034281	2.57523
4.44755	-10.1469	0.0918423	2.45232
4.5114	-9.98154	0.368582	2.5902
4.55024	-9.8374	0.521137	2.46754
4.62125	-9.67538	0.722806	2.5832
4.68365	-9.54103	0.895832	2.42334
4.78621	-9.38326	1.14264	2.54556
4.85367	-9.22644	1.10851	2.73125
4.93355	-9.06184	1.19946	2.79414
5.03536	-8.95789	1.6469	2.08816
5.13175	-8.84142	1.67234	2.09852
5.21739	-8.70596	1.55313	2.33783
5.32461	-8.56234	1.65634	2.40919
5.41481	-8.43678	1.71231	2.28633
5.47901	-8.33472	1.57048	2.17706
5.54504	-8.2113	1.3235	2.51001
5.62746	-8.07298	1.40028	2.56943
5.7433	-7.9582	1.93788	1.97916
5.84671	-7.85127	1.92352	1.9693
5.97022	-7.75316	2.15728	1.73777
6.11153	-7.64932	2.25555	1.79144
6.21762	-7.54487	2.09117	2.01617
6.3291	-7.44044	2.12107	2.03702
6.44674	-7.32951	2.13895	2.01801
6.55145	-7.23515	2.07529	1.94293
6.66148	-7.14862	2.14493	1.85269
6.76678	-7.0503	2.14305	1.87074
6.88699	-6.97686	2.42867	1.55787
6.98125	-6.9226	2.30558	1.43703
7.10042	-6.84019	2.27447	1.44699
7.23725	-6.75325	2.3254	1.48822
7.33432	-6.66021	2.06199	1.72512
7.43912	-6.56559	2.07599	1.75898
7.56539	-6.49598	2.40903	1.48745
7.67112	-6.43594	2.34365	1.41428
7.82472	-6.39001	2.92826	0.976922
7.96683	-6.34312	2.91142	0.96415
8.05555	-6.25237	1.79971	1.71191
8.15659	-6.15177	1.81141	1.73952
8.25044	-6.04931	1.80427	1.75676
8.34922	-5.95301	1.80264	1.75525
8.51159	-5.89172	2.76853	1.1479
8.65661	-5.83548	2.73864	1.11261
8.78564	-5.76039	2.49257	1.26731
8.93687	-5.67145	2.55498	1.36087
9.02601	-5.57865	1.9877	1.70342
9.13961	-5.47078	2.05154	1.81238
9.25981	-5.38116	2.18742	1.70797
9.36251	-5.31635	2.10911	1.56821
9.41943	-5.20318	1.27262	1.98615
9.51173	-5.07238	1.35976	2.09703
9.62033	-4.96076	1.84409	1.92308
9.73254	-4.8421	1.88778	1.98887
9.84804	-4.74317	1.95057	1.9374
9.95222	-4.64882	1.9336	1.88227
10.0463	-4.55128	1.92258	1.8972
10.1486	-4.44426	1.9487	1.95525
10.2274	-4.32161	1.55014	2.13115
10.3223	-4.1824	1.59194	2.23505
10.4337	-4.06532	1.99372	2.10187
10.5472	-3.94395	2.00873	2.13068
10.6509	-3.82938	1.92016	2.13643
10.75	-3.73136	1.89139	2.04498
10.8487	-3.6175	1.74082	2.0905
10.9506	-3.4736	1.77181	2.22347
10.9995	-3.33669	0.951742	2.45924
11.0542	-3.17928	0.967416	2.56016
11.1019	-3.02871	0.961428	2.60212
11.1573	-2.86978	0.974515	2.67584
11.149	-2.71399	0.143876	2.83334
11.1515	-2.56018	0.127747	2.82154
11.1596	-2.40552	0.0703527	2.83184
11.1609	-2.2594	0.0603526	2.78646
11.2604	-2.10854	1.5348	2.60781
11.3468	-1.95371	1.543	2.66146
11.298	-1.805	-0.542936	2.86756
11.2623	-1.64547	-0.559019	2.87364
11.2648	-1.49097	-0.108135	2.82399
11.259	-1.34274	-0.108494	2.79012
11.2067	-1.18991	-0.893196	2.83504
11.1564	-1.04624	-0.89723	2.77809
11.0436	-0.896698	-1.82376	2.79851
10.9439	-0.73722	-1.82229	2.82503
10.8814	-0.579889	-1.21433	2.82126
10.8193	-0.43389	-1.20117	2.78001
10.6535	-0.316429	-2.81002	2.67703
10.5203	-0.218361	-2.78842	2.50892
10.4283	-0.0948409	-1.81661	2.44702
10.3334	-0.0645297	-1.79199	1.95655
10.1897	0.0110391	-2.50032	1.78947
10.054	0.0215073	-2.48751	1.3758
9.90993	0.0792636	-2.58308	1.28573
9.76681	0.0964375	-2.58143	1.0322
9.66566	0.142795	-1.93667	0.992212
9.56171	0.170072	-1.92721	0.862915
9.42378	0.20019	-2.52542	0.764315
9.27959	0.190478	-2.5355	0.51786
9.1324	0.216537	-2.61592	0.504405
8.97799	0.244239	-2.64557	0.503921
8.82953	0.269051	-2.78379	0.48562
8.67059	0.273063	-2.79798	0.376867
8.51767	0.283687	-2.74449	0.328128
8.36547	0.273329	-2.74473	0.191238
8.21804	0.260825	-2.75245	0.0755787
8.061	0.204774	-2.76384	-0.215829
7.84629	0.184899	-3.8721	-0.279391
7.64989	0.156669	-3.87838	-0.349092
7.56166	0.142678	-2.22811	-0.313491
7.44792	0.14395	-2.23426	-0.229771
7.29765	0.122411	-2.70698	-0.280042
7.15269	0.075318	-2.6947	-0.43702
7.04887	0.0181616	-2.0275	-0.603888
6.94016	-0.0825483	-2.02055	-0.940159
6.84433	-0.170886	-1.80946	-1.13116
6.74763	-0.292426	-1.80851	-1.42811
6.64869	-0.395931	-1.87997	-1.55148
6.54768	-0.518015	-1.88229	-1.73606
6.46819	-0.664766	-1.59569	-2.02032
6.37148	-0.860277	-1.65168	-2.4474
6.37612	-1.05128	-0.228436	-2.98401
6.36193	-1.22465	-0.250267	-3.10503
6.34323	-1.40054	-0.292174	-3.1274
6.33424	-1.56318	-0.264688	-3.07876
6.33969	-1.72655	-0.112707	-3.06484
6.34322	-1.86536	-0.0598291	-2.91475
6.33491	-2.01606	-0.196282	-2.82771
6.33365	-2.15274	-0.151747	-2.73321
6.32818	-2.29154	-0.0855451	-2.76447
6.32536	-2.43248	-0.0839038	-2.77546
6.36465	-2.60716	0.667046	-3.12268
6.41769	-2.76091	0.735606	-3.02916
6.46104	-2.91957	0.7933	-3.00676
6.52374	-3.04982	0.888941	-2.83056
6.55257	-3.20848	0.501305	-2.70066
6.55837	-3.40631	0.382245	-2.94061
6.59443	-3.58627	0.70493	-3.17437
6.64009	-3.74815	0.740962	-3.11315
6.69357	-3.89964	0.825974	-3.0253
6.79133	-3.99157	1.0807	-2.65885
6.88563	-4.15367	1.3979	-2.83249
6.9572	-4.31904	1.37033	-2.879
6.99429	-4.44403	0.738487	-2.41969
7.04552	-4.56233	0.789712	-2.34709
7.11549	-4.71481	1.18171	-2.64272
7.17087	-4.85335	1.15618	-2.62242
7.26961	-5.02302	1.68868	-3.00429
7.36323	-5.17317	1.70693	-2.94097
7.41413	-5.29911	1.25348	-2.62721
7.46891	-5.44105	1.21514	-2.67783
7.53262	-5.57355	1.16737	-2.57871
7.6279	-5.67885	1.3136	-2.40264
7.69696	-5.80469	1.18269	-2.28345
7.75393	-5.94385	1.1409	-2.34582
7.82509	-6.07047	1.26222	-2.39716
7.92201	-6.172	1.3896	-2.2518
8.03681	-6.3185	2.0761	-2.78985
8.1454	-6.45198	2.09878	-2.76084
8.20474	-6.55426	1.14308	-1.96516
8.26478	-6.65983	1.13543	-1.95756
8.3356	-6.78605	1.39914	-2.23124
8.38511	-6.93593	1.27521	-2.36223
8.48993	-7.1013	1.72999	-2.77857
8.57244	-7.2587	1.6803	-2.80787
8.65299	-7.39086	1.42826	-2.53071
8.75545	-7.48633	1.55665	-2.34105
8.83339	-7.60742	1.68058	-2.46726
8.8895	-7.75266	1.56008	-2.57745
8.93606	-7.86976	1.09353	-2.21099
8.96258	-8.03384	0.931632	-2.404
8.99525	-8.15223	0.711146	-2.21691
9.03614	-8.26105	0.729935	-2.16558
9.09113	-8.39781	1.0048	-2.44186
9.15242	-8.52921	1.02964	-2.42605
9.22967	-8.68496	1.46207	-2.85114
9.32336	-8.83911	1.51312	-2.8292
9.38874	-8.97297	1.21454	-2.51844
9.44465	-9.13224	1.1551	-2.60624
9.50027	-9.27099	1.13321	-2.63511
9.5527	-9.41936	1.0999	-2.69833
9.58328	-9.53567	0.578733	-2.16298
9.62435	-9.65425	0.61344	-2.15408
9.65648	-9.77632	0.61991	-2.18659
9.66122	-9.9293	0.480465	-2.33296
9.70882	-10.0759	0.938581	-2.83962
9.74834	-10.2303	0.898344	-2.89009
9.79132	-10.3814	0.810293	-2.79092
9.84638	-10.5306	0.85385	-2.76693
9.86711	-10.6566	0.454345	-2.34108
9.85929	-10.8209	0.298132	-2.49759
9.86415	-10.9512	0.212294	-2.428
9.85897	-11.1099	0.125499	-2.53182
9.86902	-11.2592	0.184268	-2.63225
9.85823	-11.4255	0.0846248	-2.72677
9.86392	-11.5786	0.0487463	-2.69267
9.85001	-11.7363	-0.0235227	-2.7396
9.83684	-11.8614	-0.188239	-2.55026
9.78387	-12.0247	-0.390048	-2.71246
9.70695	-12.1063	-1.25687	-1.61993
9.59378	-12.2248	-1.45494	-1.75754
9.53107	-12.3655	-1.09326	-2.34062
9.39951	-12.5419	-1.41673	-2.56105
9.29592	-12.6288	-1.8878	-1.92171
9.18012	-12.7402	-1.98666	-1.99032
9.07084	-12.8455	-2.00861	-1.93809
8.9617	-12.9492	-2.00078	-1.92726
8.8135	-12.9924	-2.66907	-0.887765
8.66017	-13.0446	-2.69877	-0.903915
8.53682	-13.1189	-2.45227	-1.34773
8.37169	-13.2147	-2.65028	-1.47269
8.20601	-13.2032	-3.27555	-0.274996
8.10812	-13.1771	-2.96946	-0.0975038
7.96727	-13.218	-2.62529	-0.676158
7.83819	-13.2493	-2.55801	-0.646651
7.66408	-13.2226	-3.03373	0.219701
7.46965	-13.2276	-3.16043	0.14553
7.30489	-13.2379	-3.03408	-0.100477
7.1359	-13.2428	-3.04302	-0.0996475
6.96736	-13.2344	-3.08782	0.0456352
6.82266	-13.2259	-2.97762	0.0804972
6.65081	-13.1914	-3.18525	0.573086
6.51832	-13.1466	-2.99486	0.641568
6.34787	-13.0831	-3.09536	0.936603
6.2142	-13.0245	-2.93498	0.981378
6.06043	-12.9816	-2.85395	0.827718
5.92733	-12.9351	-2.75239	0.845159
5.79227	-12.8962	-2.79723	0.960636
5.65989	-12.843	-2.7596	0.98056
5.51222	-12.7726	-2.83303	1.2819
5.41888	-12.6684	-2.53958	1.4222
5.28292	-12.5702	-2.55203	1.59615
5.20621	-12.4577	-2.25909	1.70849
5.07968	-12.3493	-2.35574	1.9908
4.94543	-12.2484	-2.38246	1.96157
4.83698	-12.1705	-2.14882	1.49334
4.79195	-12.0589	-1.80962	1.62429
4.68429	-11.9083	-2.10137	2.57974
4.60765	-11.7551	-1.92383	2.63641
4.52682	-11.6543	-1.56172	1.79012
4.49672	-11.5393	-1.30696	1.87316
4.40989	-11.3554	-1.66274	3.00865
4.39709	-11.1636	-1.30086	3.13578
4.36822	-11.0744	-0.796803	1.9711
4.34901	-10.9572	-0.683193	2.01367
4.32521	-10.8402	-0.578911	1.95173
4.3738	-10.6963	-0.202097	2.11511
4.36054	-10.5466	-0.395727	2.75643
4.40253	-10.3807	-0.105382	2.88511
4.41906	-10.2394	0.122592	2.59374
4.49873	-10.0763	0.467459	2.75111
4.53426	-9.93244	0.542412	2.74679
4.6147	-9.77052	0.791061	2.86538
4.6886	-9.65613	1.26461	2.00923
4.75222	-9.5461	1.23941	2.00385
4.79775	-9.39849	0.930657	2.55809
4.8624	-9.25269	0.991683	2.58527
4.9297	-9.11197	1.12021	2.46012
5.02006	-8.96419	1.25188	2.52613
5.10052	-8.81841	1.33968	2.5065
5.22253	-8.65501	1.56221	2.63529
5.34062	-8.54716	1.99218	2.04056
5.44111	-8.43929	1.95208	2.01781
5.52199	-8.3132	1.64329	2.34554
5.57144	-8.21284	1.45192	2.20574
5.69744	-8.14797	2.0962	1.35992
5.83745	-8.05261	2.21396	1.45605
5.91678	-7.9218	1.54562	2.2934
6.03038	-7.7721	1.67995	2.40606
6.14994	-7.66629	2.0167	2.03523
6.25356	-7.55993	1.98296	2.00717
6.3645	-7.452	1.99064	1.99626
6.45865	-7.35468	1.91984	1.93374
6.59443	-7.26721	2.27052	1.63028
6.73741	-7.15891	2.35621	1.7189
6.84644	-7.05238	2.09166	1.93891
6.96455	-6.94898	2.10127	1.93095
7.10301	-6.8717	2.53709	1.58755
7.24708	-6.77031	2.62041	1.69034
7.31339	-6.64914	1.74622	2.34266
7.37689	-6.54639	1.64818	2.25835
7.57014	-6.50686	3.16159	1.02019
7.69043	-6.51277	2.91629	0.718492
7.7855	-6.4395	1.87525	1.45384
7.87754	-6.3591	1.83472	1.44353
8.01963	-6.30681	2.51444	0.948071
8.15821	-6.24651	2.52177	0.980722
8.23132	-6.14377	1.42661	1.77605
8.34034	-5.99885	1.57128	1.99796
8.51327	-5.92928	2.8626	1.21969
8.66098	-5.86877	2.82405	1.18282
8.76192	-5.77361	2.01817	1.66858
8.87164	-5.67113	2.02197	1.71155
9.01465	-5.5817	2.53776	1.47543
9.15503	-5.48439	2.55313	1.54433
9.26531	-5.3832	2.05423	1.8183
9.36805	-5.27968	2.02324	1.82346
9.50733	-5.18456	2.46288	1.64103
9.64922	-5.06977	2.50068	1.75165
9.70866	-4.95876	1.42768	2.22763
9.77173	-4.85192	1.39924	2.19924
9.88048	-4.7468	1.83669	1.99448
9.96512	-4.65773	1.77185	1.89083
10.071	-4.55713	1.851	1.8595
10.1671	-4.45247	1.83487	1.86596
10.3135	-4.36104	2.50021	1.63364
10.4537	-4.25929	2.51519	1.68792
10.4879	-4.13124	0.878656	2.2783
10.5476	-3.9745	0.92985	2.42546
10.6389	-3.84184	1.49023	2.29864
10.7376	-3.67754	1.55923	2.47954
10.851	-3.54914	1.96792	2.35779
10.9488	-3.4485	1.92467	2.22055
10.9917	-3.31241	0.957335	2.47155
11.0527	-3.15719	0.989534	2.56333
11.1036	-3.01524	0.933825	2.5774
11.1545	-2.86032	0.93736	2.63669
11.203	-2.71352	0.911099	2.64835
11.2546	-2.55294	0.919952	2.7178
11.2157	-2.40195	-0.602211	2.93201
11.1799	-2.24141	-0.609943	2.92624
11.2892	-2.08831	1.58936	2.64215
11.3698	-1.96065	1.5668	2.55922
11.3581	-1.81302	0.189311	2.71217
11.3691	-1.65224	0.192779	2.76409
11.3644	-1.49866	0.0359106	2.78182
11.3608	-1.34672	0.0201249	2.77677
11.2574	-1.20931	-1.57697	2.85958
11.1743	-1.05423	-1.58645	2.91444
11.1108	-0.905544	-1.22591	2.91134
11.053	-0.750041	-1.21667	2.95892
10.9506	-0.60174	-1.72597	2.89787
10.8514	-0.503454	-1.73606	2.61089
10.7612	-0.373868	-1.70174	2.54293
10.6662	-0.302867	-1.7021	2.22008
10.4998	-0.207226	-2.99297	2.14353
10.3498	-0.139984	-2.99118	1.95517
10.2487	-0.0514067	-2.22241	1.91821
10.1379	-0.0050428	-2.21755	1.68379
10.0405	0.0687033	-2.0255	1.63588
9.9379	0.0992581	-2.02368	1.39253
9.79142	0.139202	-2.79906	1.22987
9.65295	0.112847	-2.78569	0.812187
9.5052	0.142615	-2.95373	0.75574
9.35376	0.158234	-2.9618	0.649541
9.26121	0.183275	-2.00005	0.615396
9.1493	0.186612	-2.00368	0.469681
8.99254	0.20506	-2.90535	0.427125
8.84213	0.239584	-2.91978	0.49022
8.6892	0.260092	-3.02059	0.467832
8.54058	0.264201	-3.01216	0.374733
8.39957	0.277906	-2.65576	0.349535
8.24962	0.276628	-2.66546	0.250571
8.09979	0.267174	-2.93321	0.133329
7.95402	0.197883	-2.92308	-0.236764
7.80216	0.176646	-3.03318	-0.285852
7.64755	0.15704	-3.0408	-0.311904
7.50601	0.128768	-2.62832	-0.363305
7.3596	0.0862327	-2.63327	-0.474328
7.25566	0.0419447	-2.11546	-0.577043
7.15001	-0.0216892	-2.11566	-0.749905
6.98025	-0.0886854	-2.79958	-0.874231
6.83208	-0.183623	-2.78593	-1.10755
6.78738	-0.286056	-1.25341	-1.39825
6.72786	-0.397372	-1.25294	-1.60651
6.6301	-0.491517	-1.87758	-1.63735
6.5373	-0.597512	-1.88224	-1.75885
6.49133	-0.730971	-1.0085	-2.07441
6.43798	-0.893688	-1.04069	-2.37253
6.39469	-1.03979	-0.857531	-2.54073
6.34882	-1.20233	-0.886216	-2.71969
6.35345	-1.37089	-0.212985	-2.99546
6.34321	-1.53411	-0.22162	-3.06249
6.32437	-1.67983	-0.374979	-2.90792
6.31993	-1.7933	-0.2896	-2.67299
6.34244	-1.9508	0.309262	-2.93633
6.35194	-2.11057	0.280869	-3.00232
6.33801	-2.24447	-0.159295	-2.80082
6.33719	-2.36859	-0.123125	-2.72054
6.33824	-2.50678	0.0474649	-2.78821
6.34588	-2.64291	0.0664059	-2.76944
6.39276	-2.80202	0.779765	-3.10826
6.43945	-2.95112	0.809827	-3.0736
6.50051	-3.12984	1.18397	-3.34067
6.55017	-3.32549	1.12331	-3.47802
6.57827	-3.4723	0.448678	-2.96704
6.62287	-3.59516	0.556534	-2.77239
6.68861	-3.74145	1.08332	-3.00982
6.75166	-3.87116	1.13515	-2.91062
6.79448	-4.01303	0.908897	-2.73672
6.84961	-4.15771	0.932248	-2.70688
6.88082	-4.28156	0.532813	-2.38792
6.93265	-4.37561	0.64762	-2.20971
7.00386	-4.51015	1.17363	-2.55323
7.05321	-4.64555	1.13458	-2.59458
7.1501	-4.8103	1.73198	-3.0477
7.24912	-4.94585	1.79212	-2.96582
7.29036	-5.05422	0.955114	-2.3399
7.34482	-5.16241	0.987389	-2.2974
7.40589	-5.28735	1.1848	-2.44975
7.45235	-5.42747	1.12224	-2.53389
7.5202	-5.561	1.34337	-2.69119
7.61957	-5.66288	1.48926	-2.52855
7.6822	-5.78301	1.28895	-2.38849
7.73993	-5.92443	1.24214	-2.48343
7.81075	-6.04979	1.43565	-2.60783
7.90981	-6.1549	1.55719	-2.48122
7.96435	-6.25351	1.10086	-2.08247
8.0271	-6.35345	1.13198	-2.05855
8.1293	-6.49771	1.90053	-2.70417
8.23029	-6.63796	1.91583	-2.71823
8.28501	-6.73643	0.99678	-1.91388
8.33178	-6.8549	0.955536	-1.97344
8.41887	-6.99284	1.46725	-2.43571
8.47364	-7.13626	1.3795	-2.5375
8.541	-7.25964	1.46874	-2.60347
8.63363	-7.36631	1.56104	-2.49458
8.71375	-7.49852	1.5788	-2.53822
8.77548	-7.6449	1.49794	-2.62956
8.81654	-7.74547	0.948971	-2.13577
8.8599	-7.84978	0.937101	-2.13026
8.96817	-8.01517	1.862	-2.9855
9.05929	-8.16373	1.85569	-2.98475
9.10162	-8.26351	1.06032	-2.23613
9.15928	-8.3661	1.08634	-2.19665
9.22719	-8.49561	1.16162	-2.27244
9.27277	-8.63739	1.07876	-2.35191
9.32148	-8.76552	1.06156	-2.37824
9.35817	-8.9241	0.956285	-2.50217
9.42899	-9.08093	1.30237	-2.88561
9.4718	-9.24124	1.20539	-2.96588
9.50041	-9.3611	0.559494	-2.29121
9.55826	-9.45881	0.686467	-2.1627
9.60914	-9.59464	0.904615	-2.40145
9.6412	-9.74395	0.823074	-2.48092
9.69665	-9.89359	0.989897	-2.666
9.74747	-10.0439	0.972948	-2.68191
9.76996	-10.1629	0.564136	-2.27117
9.76889	-10.3212	0.413256	-2.42127
9.82297	-10.485	0.956069	-3.04187
9.8526	-10.6498	0.876037	-3.10455
9.87497	-10.7815	0.563741	-2.75779
9.87417	-10.9444	0.430456	-2.87308
9.86306	-11.0487	-0.162605	-2.18382
9.85872	-11.1542	-0.144361	-2.16663
9.86361	-11.2919	0.092121	-2.46033
9.85166	-11.4407	0.0145084	-2.52346
9.84663	-11.5686	-0.023845	-2.51803
9.79764	-11.731	-0.241018	-2.68674
9.78882	-11.8904	-0.14667	-2.83486
9.77052	-12.0516	-0.191381	-2.86208
9.71922	-12.164	-0.763673	-2.1631
9.6148	-12.3271	-1.04604	-2.36546
9.52095	-12.4141	-1.58348	-1.67474
9.38762	-12.5351	-1.79174	-1.81068
9.30263	-12.6613	-1.57404	-2.15161
9.23539	-12.7617	-1.48094	-2.07518
9.10478	-12.8003	-2.22416	-0.977008
8.89798	-12.9107	-2.61112	-1.23305
8.76303	-12.9742	-2.64467	-1.22018
8.63494	-13.0333	-2.62515	-1.20999
8.48192	-13.0775	-2.79241	-0.902549
8.3321	-13.1301	-2.7807	-0.910205
8.18055	-13.1823	-2.76769	-0.929677
8.04395	-13.2285	-2.69876	-0.902188
7.87974	-13.2355	-2.9886	-0.322443
7.73769	-13.2428	-2.88799	-0.273346
7.56891	-13.2353	-3.02218	-0.00780716
7.42734	-13.2268	-2.91354	0.0376044
7.23745	-13.1642	-3.36988	0.921252
7.04561	-13.1268	-3.40846	0.874466
6.88339	-13.1384	-2.98897	-0.00171192
6.72628	-13.1356	-2.95512	0.0121415
6.58285	-13.1418	-2.98607	0.0808916
6.4297	-13.1403	-3.00545	0.0705091
6.28422	-13.1182	-3.09505	0.406957
6.1968	-13.069	-2.78411	0.538848
6.04732	-13.0296	-2.85217	0.775528
5.9297	-12.9655	-2.66841	0.866372
5.78097	-12.9084	-2.71071	0.987582
5.64229	-12.8485	-2.66236	1.01109
5.49137	-12.7648	-2.80727	1.4436
5.39606	-12.6631	-2.53662	1.54609
5.25865	-12.5617	-2.59824	1.80346
5.11964	-12.4592	-2.5783	1.81564
4.99549	-12.3849	-2.45018	1.57711
4.92027	-12.268	-2.17086	1.70281
4.79189	-12.1338	-2.36217	2.2852
4.71773	-11.9832	-2.10226	2.39274
4.63019	-11.8855	-1.7809	1.74058
4.61593	-11.761	-1.39619	1.87609
4.5404	-11.6323	-1.48879	2.25769
4.51301	-11.4805	-1.23179	2.37352
4.43536	-11.2844	-1.49646	3.25063
4.40691	-11.0849	-1.24744	3.34766
4.39287	-10.9979	-0.561688	1.81772
4.41144	-10.8787	-0.332479	1.90799
4.41418	-10.7972	-0.227589	1.78491
4.43001	-10.6775	-0.0891847	1.86979
4.39759	-10.4907	-0.565511	3.08736
4.41907	-10.2904	-0.31554	3.21811
4.44155	-10.1521	0.0929263	2.54709
4.51128	-9.97934	0.396546	2.69598
4.5405	-9.8268	0.407394	2.85532
4.60715	-9.66416	0.622101	2.9545
4.67081	-9.53911	1.05371	2.20445
4.7306	-9.42618	1.05614	2.1797
4.78202	-9.29519	0.96274	2.44824
4.8853	-9.15232	1.2137	2.56324
4.95422	-8.99625	1.13053	2.80044
5.03733	-8.83527	1.22442	2.84153
5.14508	-8.72994	1.72256	2.10459
5.24531	-8.62212	1.73961	2.08271
5.32842	-8.49196	1.56024	2.33939
5.42379	-8.35993	1.60313	2.36061
5.53354	-8.24836	1.84442	2.07981
5.63674	-8.14209	1.84551	2.05399
5.7531	-8.04374	1.98354	1.89723
5.83797	-7.95225	1.87451	1.82723
5.944	-7.85696	1.88756	1.80542
6.04862	-7.75512	1.89318	1.81547
6.12898	-7.61975	1.56875	2.23371
6.24545	-7.46769	1.71249	2.36999
6.38846	-7.37046	2.38986	1.72345
6.53882	-7.25833	2.47743	1.80693
6.67179	-7.16898	2.51738	1.70065
6.77061	-7.11671	2.33205	1.50343
6.9023	-7.03602	2.36657	1.47769
7.04901	-6.94237	2.44001	1.54278
7.15012	-6.83563	1.99466	1.90508
7.25581	-6.73519	1.9754	1.88333
7.35579	-6.63246	1.91509	1.89455
7.45798	-6.53306	1.90008	1.87306
7.61377	-6.46844	2.66842	1.26573
7.74536	-6.42321	2.59335	1.15351
7.85717	-6.35411	2.19948	1.36705
7.96017	-6.30955	2.11001	1.22614
8.07677	-6.24368	2.14105	1.19786
8.21751	-6.15541	2.24079	1.31182
8.35652	-6.076	2.44107	1.26076
8.52239	-5.9659	2.5829	1.45817
8.63246	-5.86589	2.10412	1.76396
8.75295	-5.76022	2.12693	1.80441
8.90473	-5.6725	2.53611	1.60341
9.05669	-5.56108	2.5945	1.7118
9.1678	-5.45545	2.16339	1.9238
9.27663	-5.34954	2.13051	1.91484
9.39358	-5.25643	2.26516	1.78238
9.47906	-5.22054	2.09613	1.48256
9.56294	-5.12575	1.51036	1.77006
9.65845	-4.99023	1.57685	1.94413
9.75618	-4.88261	1.79139	1.86962
9.86289	-4.76139	1.82906	1.95563
9.95987	-4.65205	1.78446	1.97603
10.0614	-4.54147	1.79614	1.98709
10.2222	-4.45119	2.57051	1.70159
10.3592	-4.35695	2.55719	1.70073
10.3946	-4.22754	0.98802	2.27883
10.4553	-4.08424	1.01705	2.36269
10.571	-3.96604	1.91302	2.0922
10.6691	-3.84988	1.89223	2.09216
10.755	-3.72282	1.71526	2.1784
10.8585	-3.56746	1.7593	2.34385
10.9064	-3.43432	1.2095	2.52331
10.9664	-3.2792	1.22236	2.65302
11.0744	-3.13902	1.9821	2.47802
11.1675	-3.03731	1.92248	2.31157
11.2121	-2.90102	1.05066	2.49142
11.2689	-2.7536	1.05116	2.53847
11.2146	-2.61103	-0.614127	2.85259
11.1757	-2.46339	-0.634033	2.86996
11.2316	-2.30777	0.76784	2.68183
11.2662	-2.16542	0.744305	2.65429
11.3094	-2.0164	0.887822	2.64764
11.3561	-1.86055	0.883835	2.69443
